[gd_scene load_steps=9 format=2]

[ext_resource path="res://Scripts/Enemy/Enemy.gd" type="Script" id=1]
[ext_resource path="res://Scripts/Enemy/EnemyPointCollision.gd" type="Script" id=2]

[sub_resource type="SphereMesh" id=22]
radius = 0.2
height = 0.4

[sub_resource type="SphereShape" id=23]
radius = 0.2

[sub_resource type="CapsuleMesh" id=20]
radius = 0.1

[sub_resource type="CapsuleShape" id=21]
radius = 0.1

[sub_resource type="CapsuleMesh" id=24]
radius = 0.1
mid_height = 0.75

[sub_resource type="CapsuleShape" id=25]
radius = 0.1
height = 0.75

[node name="EnemyNode" type="Spatial"]
transform = Transform( 1, 0, 0, 0, 1, 0, 0, 0, 1, 0, 0, -17 )

[node name="Enemy" type="KinematicBody" parent="." groups=["Enemy"]]
script = ExtResource( 1 )

[node name="HeadMesh" type="MeshInstance" parent="Enemy"]
transform = Transform( 1, 0, 0, 0, 1, 0, 0, 0, 1, 0, 1.65, 0 )
mesh = SubResource( 22 )
material/0 = null

[node name="HeadCollision" type="CollisionShape" parent="Enemy"]
transform = Transform( 1, 0, 0, 0, 1, 0, 0, 0, 1, 0, 1.65, 0 )
shape = SubResource( 23 )
script = ExtResource( 2 )
point_name = "Head"

[node name="BodyMesh" type="MeshInstance" parent="Enemy"]
transform = Transform( 1, 0, 0, 0, -4.37114e-08, -1, 0, 1, -4.37114e-08, 0, 1, 0 )
mesh = SubResource( 20 )
material/0 = null

[node name="BodyCollision" type="CollisionShape" parent="Enemy"]
transform = Transform( 1, 0, 0, 0, -4.37114e-08, -1, 0, 1, -4.37114e-08, 0, 1, 0 )
shape = SubResource( 21 )
script = ExtResource( 2 )
point_name = "Body"
point_damage = -10

[node name="LeftLegMesh" type="MeshInstance" parent="Enemy"]
transform = Transform( -4.37114e-08, -0.965926, -0.258819, 0, 0.258819, -0.965926, 1, -4.2222e-08, -1.13133e-08, -0.15, 0.1, 0 )
mesh = SubResource( 24 )
material/0 = null

[node name="LeftLegCollision" type="CollisionShape" parent="Enemy"]
transform = Transform( -4.37114e-08, -0.965926, -0.258819, 0, 0.258819, -0.965926, 1, -4.2222e-08, -1.13133e-08, -0.15, 0.1, 0 )
shape = SubResource( 25 )
script = ExtResource( 2 )
point_name = "Leg"
point_damage = -20

[node name="RightLegMesh" type="MeshInstance" parent="Enemy"]
transform = Transform( -4.37114e-08, 0.965926, 0.258819, 0, 0.258819, -0.965926, -1, -4.2222e-08, -1.13133e-08, 0.15, 0.1, 0 )
mesh = SubResource( 24 )
skeleton = NodePath("../LeftLegCollision")
material/0 = null

[node name="RightLegCollision" type="CollisionShape" parent="Enemy"]
transform = Transform( -4.37114e-08, 0.965926, 0.258819, 0, 0.258819, -0.965926, -1, -4.2222e-08, -1.13133e-08, 0.15, 0.1, 0 )
shape = SubResource( 25 )
script = ExtResource( 2 )
point_name = "Leg"
point_damage = -20

[node name="LeftArmMesh" type="MeshInstance" parent="Enemy"]
transform = Transform( -4.37114e-08, -0.707107, -0.707107, 0, 0.707107, -0.707107, 1, -3.09086e-08, -3.09086e-08, -0.25, 1.25, 0 )
mesh = SubResource( 24 )
material/0 = null

[node name="LeftArmCollision" type="CollisionShape" parent="Enemy"]
transform = Transform( -4.37114e-08, -0.707107, -0.707107, 0, 0.707107, -0.707107, 1, -3.09086e-08, -3.09086e-08, -0.25, 1.25, 0 )
shape = SubResource( 25 )
script = ExtResource( 2 )
point_name = "Arm"
point_damage = -15

[node name="RightArmMesh" type="MeshInstance" parent="Enemy"]
transform = Transform( -4.37114e-08, 0.707107, 0.707107, 0, 0.707107, -0.707107, -1, -3.09086e-08, -3.09086e-08, 0.25, 1.25, 0 )
mesh = SubResource( 24 )
skeleton = NodePath("../LeftLegCollision")
material/0 = null

[node name="RightArmCollision" type="CollisionShape" parent="Enemy"]
transform = Transform( -4.37114e-08, 0.707107, 0.707107, 0, 0.707107, -0.707107, -1, -3.09086e-08, -3.09086e-08, 0.25, 1.25, 0 )
shape = SubResource( 25 )
script = ExtResource( 2 )
point_name = "Arm"
point_damage = -15
